rs1_3071996	1	3071996	1.1180117626143078e-9
rs1_2468314	1	2468314	1.7355676969034193e-9
rs1_2690922	1	2690922	3.513682419282854e-8
rs1_2690813	1	2690813	5.0396444862388886e-8
rs1_3071336	1	3071336	6.424022034102784e-8
rs1_2690561	1	2690561	1.1778961788998678e-7
rs1_2468533	1	2468533	1.2506171566538526e-7
rs1_3072530	1	3072530	1.5806905585280624e-7
rs1_2493480	1	2493480	1.7097942415684746e-7
rs1_3871184	1	3871184	1.760095946338002e-7
rs1_3871185	1	3871185	1.760095946338002e-7
rs1_3871192	1	3871192	1.8287525442894367e-7
rs1_2465334	1	2465334	2.4369505898412974e-7
rs1_1001413	1	1001413	3.0711206221831524e-7
rs1_3072449	1	3072449	3.2002704439027976e-7
rs1_1669117	1	1669117	3.7917349216214353e-7
rs1_1674670	1	1674670	3.7917349216214353e-7
rs1_2468474	1	2468474	4.44398831025903e-7
rs1_1625607	1	1625607	4.78808357063427e-7
rs1_1629526	1	1629526	4.78808357063427e-7
rs1_1001170	1	1001170	4.849702256646013e-7
rs1_3643055	1	3643055	4.903157586251569e-7
rs1_2468271	1	2468271	5.189173791348795e-7
rs1_3062647	1	3062647	5.995118556797874e-7
rs1_1653348	1	1653348	6.048016394291504e-7
rs1_3867300	1	3867300	6.552203570878764e-7
rs1_2493230	1	2493230	6.563998753912685e-7
rs1_2493289	1	2493289	6.563998753912685e-7
rs1_2493337	1	2493337	6.563998753912685e-7
rs1_2493346	1	2493346	6.563998753912685e-7
rs1_2493356	1	2493356	6.563998753912685e-7
rs1_2493361	1	2493361	6.563998753912685e-7
rs1_2493382	1	2493382	6.563998753912685e-7
rs1_2493384	1	2493384	6.563998753912685e-7
rs1_2493407	1	2493407	6.563998753912685e-7
rs1_2493425	1	2493425	6.563998753912685e-7
rs1_2493460	1	2493460	6.563998753912685e-7
rs1_2493479	1	2493479	6.563998753912685e-7
rs1_2493482	1	2493482	6.563998753912685e-7
rs1_2493516	1	2493516	6.563998753912685e-7
rs1_2493526	1	2493526	6.563998753912685e-7
rs1_2493547	1	2493547	6.563998753912685e-7
rs1_2493557	1	2493557	6.563998753912685e-7
rs1_2493641	1	2493641	6.563998753912685e-7
rs1_2493644	1	2493644	6.563998753912685e-7
rs1_2493663	1	2493663	6.563998753912685e-7
rs1_2493736	1	2493736	6.563998753912685e-7
rs1_2683497	1	2683497	7.060728106542534e-7
rs1_1633264	1	1633264	7.179978530465547e-7
rs1_1633780	1	1633780	7.179978530465547e-7
rs1_1635733	1	1635733	7.179978530465547e-7
rs1_1638064	1	1638064	7.179978530465547e-7
rs1_1638446	1	1638446	7.179978530465547e-7
rs1_1638866	1	1638866	7.179978530465547e-7
rs1_1638926	1	1638926	7.179978530465547e-7
rs1_1643521	1	1643521	7.179978530465547e-7
rs1_1643613	1	1643613	7.179978530465547e-7
rs1_1644533	1	1644533	7.179978530465547e-7
rs1_1645954	1	1645954	7.179978530465547e-7
rs1_1646417	1	1646417	7.179978530465547e-7
rs1_1649370	1	1649370	7.179978530465547e-7
rs1_1649401	1	1649401	7.179978530465547e-7
rs1_1650002	1	1650002	7.179978530465547e-7
rs1_1651162	1	1651162	7.179978530465547e-7
rs1_1651881	1	1651881	7.179978530465547e-7
rs1_1652605	1	1652605	7.179978530465547e-7
rs1_1652914	1	1652914	7.179978530465547e-7
rs1_1652918	1	1652918	7.179978530465547e-7
rs1_1672060	1	1672060	7.212931976269788e-7
rs1_1642244	1	1642244	7.620361811893917e-7
rs1_1643635	1	1643635	7.620361811893917e-7
rs1_1643684	1	1643684	7.620361811893917e-7
rs1_1653302	1	1653302	7.620361811893917e-7
rs1_2493671	1	2493671	8.315190743550885e-7
rs1_2682333	1	2682333	9.500133344129016e-7
rs1_3064401	1	3064401	1.1633008697602574e-6
rs1_3064402	1	3064402	1.1633008697602574e-6
rs1_3063890	1	3063890	1.2072181807250936e-6
rs1_3064121	1	3064121	1.2072181807250936e-6
rs1_3064125	1	3064125	1.2072181807250936e-6
rs1_1637949	1	1637949	1.2667286698052007e-6
rs1_2682858	1	2682858	1.54009470745664e-6
rs1_2682873	1	2682873	1.59304790913529e-6
rs1_2682990	1	2682990	1.59304790913529e-6
rs1_2683257	1	2683257	1.6119666545984005e-6
rs1_2536605	1	2536605	1.640946056254266e-6
rs1_2682807	1	2682807	1.7819908012490572e-6
rs1_3880494	1	3880494	1.864367643090578e-6
rs1_2682852	1	2682852	1.907788929609978e-6
rs1_2683210	1	2683210	1.9319929007726147e-6
rs1_2682724	1	2682724	1.938035784082608e-6
rs1_2682727	1	2682727	1.938035784082608e-6
rs1_2683288	1	2683288	1.95046587761923e-6
rs1_2682650	1	2682650	1.9814532226714662e-6
rs1_2683380	1	2683380	2.1418133261212166e-6
rs1_2682699	1	2682699	2.1517746672464895e-6
rs1_3091228	1	3091228	2.165967572040654e-6
rs1_2683325	1	2683325	2.1666024562450057e-6
rs1_2683356	1	2683356	2.1666024562450057e-6
rs1_2683377	1	2683377	2.1666024562450057e-6
rs1_2692090	1	2692090	2.202556362113983e-6
rs1_3122908	1	3122908	2.256070450814318e-6
rs1_2465397	1	2465397	2.4495425547547356e-6
rs1_992048	1	992048	2.4575577098678117e-6
rs1_3274510	1	3274510	2.5132101452154778e-6
rs1_3274343	1	3274343	2.5952853820809506e-6
rs1_3274405	1	3274405	2.627969271190149e-6
rs1_3274185	1	3274185	2.7594867288418247e-6
rs1_3274186	1	3274186	2.7594867288418247e-6
rs1_2659212	1	2659212	2.8949411562694287e-6
rs1_2659271	1	2659271	2.8949411562694287e-6
rs1_2659388	1	2659388	2.8949411562694287e-6
rs1_2659477	1	2659477	2.8949411562694287e-6
rs1_2659105	1	2659105	2.8952340571440625e-6
rs1_2683766	1	2683766	2.957561260194169e-6
rs1_948011	1	948011	3.0063587279234523e-6
rs1_2390789	1	2390789	3.0210234342630847e-6
rs1_2390798	1	2390798	3.0210234342630847e-6
rs1_3447618	1	3447618	3.0317963999159705e-6
rs1_3880880	1	3880880	3.1205487345672876e-6
rs1_2683621	1	2683621	3.1271710069552354e-6
rs1_2683626	1	2683626	3.1271710069552354e-6
rs1_2493527	1	2493527	3.2243741317533366e-6
rs1_3091443	1	3091443	3.3862842319279667e-6
rs1_2389781	1	2389781	3.4135461133109016e-6
rs1_1006079	1	1006079	3.49195051821153e-6
rs1_1006087	1	1006087	3.49195051821153e-6
rs1_2690409	1	2690409	3.495148571074845e-6
rs1_2599603	1	2599603	3.7325792891872927e-6
rs1_3192307	1	3192307	3.9697630424686405e-6
rs1_3192327	1	3192327	3.9697630424686405e-6
rs1_1671176	1	1671176	4.058067708142963e-6
rs1_2683881	1	2683881	4.150415766248798e-6
rs1_2467991	1	2467991	4.720927652229971e-6
rs1_3043084	1	3043084	4.759877312226127e-6
rs1_2392458	1	2392458	4.836655830038326e-6
rs1_2392462	1	2392462	4.836655830038326e-6
rs1_2392513	1	2392513	4.836655830038326e-6
rs1_2391589	1	2391589	4.844213327534183e-6
rs1_2935972	1	2935972	5.1352004695811225e-6
rs1_3871726	1	3871726	5.175351040874493e-6
rs1_1684859	1	1684859	5.872681517202888e-6
rs1_3090836	1	3090836	6.123096207099264e-6
rs1_2493427	1	2493427	6.158752869232154e-6
rs1_3077143	1	3077143	6.180572089277391e-6
rs1_3077199	1	3077199	6.180572089277391e-6
rs1_3194814	1	3194814	6.269682147762356e-6
rs1_2656938	1	2656938	6.443760687422226e-6
rs1_2656953	1	2656953	6.443760687422226e-6
rs1_3193346	1	3193346	6.676959285546911e-6
rs1_3193356	1	3193356	6.676959285546911e-6
rs1_3196188	1	3196188	6.676959285546911e-6
rs1_2468384	1	2468384	6.8106078492595195e-6
rs1_2599640	1	2599640	6.882121925943351e-6
rs1_1663301	1	1663301	7.089415117098688e-6
rs1_3191673	1	3191673	7.167891595655444e-6
rs1_3191835	1	3191835	7.167891595655444e-6
rs1_3192641	1	3192641	7.167891595655444e-6
rs1_2657709	1	2657709	7.265421497467329e-6
rs1_2657735	1	2657735	7.265421497467329e-6
rs1_2657759	1	2657759	7.265421497467329e-6
rs1_2657772	1	2657772	7.265421497467329e-6
rs1_2659056	1	2659056	7.265421497467329e-6
rs1_3191674	1	3191674	7.452143646858676e-6
rs1_3206132	1	3206132	7.647005839887898e-6
rs1_2599739	1	2599739	7.705137351861238e-6
rs1_3695111	1	3695111	8.013463406285588e-6
rs1_2536613	1	2536613	8.047849622309435e-6
rs1_3208452	1	3208452	8.099058276848306e-6
rs1_3871420	1	3871420	8.115286242289744e-6
rs1_3871437	1	3871437	8.115286242289744e-6
rs1_3090928	1	3090928	8.143123690383566e-6
rs1_2731276	1	2731276	8.30092511536485e-6
rs1_3077192	1	3077192	8.328297270381844e-6
rs1_3076963	1	3076963	8.526977961263162e-6
rs1_3878774	1	3878774	8.795580801778826e-6
rs1_3884977	1	3884977	8.90680271247599e-6
rs1_3195118	1	3195118	9.344319388103556e-6
rs1_2656417	1	2656417	9.42108670154974e-6
rs1_3191167	1	3191167	9.430648627910437e-6
rs1_976179	1	976179	9.509126685166355e-6
rs1_2731239	1	2731239	9.511459504453086e-6
rs1_3885686	1	3885686	9.670923747158561e-6
rs1_3824055	1	3824055	9.718949874897338e-6
rs1_2934914	1	2934914	1.002470006815139e-5
rs1_3276207	1	3276207	1.0090133276667934e-5
rs1_1632527	1	1632527	1.0225296821763884e-05
rs1_3880328	1	3880328	1.0767833019911892e-5
rs1_3881067	1	3881067	1.1074567983750716e-5
rs1_3192923	1	3192923	1.1118811294175626e-5
rs1_3193008	1	3193008	1.1123801491850677e-5
rs1_2656454	1	2656454	1.1286076683870122e-5
rs1_2656516	1	2656516	1.1286076683870122e-5
rs1_3871387	1	3871387	1.1670620165365732e-5
rs1_2732964	1	2732964	1.2711490744433159e-5
rs1_3880399	1	3880399	1.3331515764036175e-5
rs1_2391603	1	2391603	1.3770683596711456e-5
rs1_2391422	1	2391422	1.4757501835712716e-5
rs1_3460933	1	3460933	1.4769343879165976e-5
rs1_2391561	1	2391561	1.496368556921388e-5
rs1_3190162	1	3190162	1.554391289582805e-5
rs1_224668	1	224668	1.5572909816072188e-5
rs1_3209032	1	3209032	1.6893270098460368e-5
rs1_3064382	1	3064382	1.69334594978738e-5
rs1_2391599	1	2391599	1.7169778959520823e-5
rs1_2681838	1	2681838	1.7599302411560226e-5
rs1_2683331	1	2683331	1.8144124310137373e-5
rs1_2391477	1	2391477	1.8225297794779344e-5
rs1_2391485	1	2391485	1.8225297794779344e-5
rs1_2536642	1	2536642	1.8831189823106584e-5
rs1_2389963	1	2389963	1.9436767334408377e-5
rs1_3072844	1	3072844	1.960745716617453e-5
rs1_2391242	1	2391242	1.9773329318951742e-5
rs1_2468357	1	2468357	2.0012551811299224e-5
rs1_2468547	1	2468547	2.0012551811299224e-5
rs1_2391455	1	2391455	2.008846880017929e-5
rs1_1643563	1	1643563	2.022942261778276e-5
rs1_3278482	1	3278482	2.11175514626965e-5
rs1_2660080	1	2660080	2.112225024061363e-5
rs1_3884755	1	3884755	2.116779053591455e-5
rs1_2464271	1	2464271	2.1261102444216042e-5
rs1_2537681	1	2537681	2.143614750011086e-5
rs1_957076	1	957076	2.153470472272436e-5
rs1_3278752	1	3278752	2.1720179161743518e-5
rs1_2935830	1	2935830	2.192022749149599e-5
rs1_2462390	1	2462390	2.2352618073587156e-5
rs1_2462481	1	2462481	2.2352618073587156e-5
rs1_2462527	1	2462527	2.2352618073587156e-5
rs1_2462550	1	2462550	2.2352618073587156e-5
rs1_2462561	1	2462561	2.2352618073587156e-5
rs1_2462739	1	2462739	2.2352618073587156e-5
rs1_2464072	1	2464072	2.2352618073587156e-5
rs1_2464123	1	2464123	2.2352618073587156e-5
rs1_2464149	1	2464149	2.2352618073587156e-5
rs1_2464170	1	2464170	2.2352618073587156e-5
rs1_2464241	1	2464241	2.2352618073587156e-5
rs1_2464799	1	2464799	2.2352618073587156e-5
rs1_2464289	1	2464289	2.254122854177746e-5
rs1_2465423	1	2465423	2.257093304790671e-5
rs1_2659876	1	2659876	2.3214477624326054e-5
rs1_966976	1	966976	2.33288407527535e-5
rs1_3072421	1	3072421	2.3332259818506753e-5
rs1_2391480	1	2391480	2.3552674885914214e-5
rs1_2935994	1	2935994	2.38379560477822e-5
rs1_2936099	1	2936099	2.38379560477822e-5
rs1_957006	1	957006	2.424307410198785e-5
rs1_3190969	1	3190969	2.5097419774867858e-5
rs1_3277378	1	3277378	2.5387700396738138e-5
rs1_3276270	1	3276270	2.7189547728620695e-5
rs1_2537159	1	2537159	2.7233415985348752e-5
rs1_3190075	1	3190075	2.875054690977983e-5
rs1_2462703	1	2462703	2.9004031614183858e-5
rs1_2393110	1	2393110	2.9273243092983845e-5
rs1_2536030	1	2536030	2.928381092620424e-5
rs1_2536114	1	2536114	2.928381092620424e-5
rs1_2657647	1	2657647	2.943718410270315e-5
rs1_2659549	1	2659549	2.985322160658762e-5
rs1_3884195	1	3884195	3.0285559549703967e-5
rs1_3884197	1	3884197	3.0285559549703967e-5
rs1_2659520	1	2659520	3.0533326443806625e-5
rs1_3260362	1	3260362	3.074643289882858e-5
rs1_3277689	1	3277689	3.297388424370584e-5
rs1_2348613	1	2348613	3.3108132125831674e-5
rs1_2348622	1	2348622	3.3108132125831674e-5
rs1_2348663	1	2348663	3.3108132125831674e-5
rs1_2348684	1	2348684	3.3108132125831674e-5
rs1_2348698	1	2348698	3.3108132125831674e-5
rs1_2348721	1	2348721	3.3108132125831674e-5
rs1_2348745	1	2348745	3.3108132125831674e-5
rs1_2348892	1	2348892	3.3108132125831674e-5
rs1_2348921	1	2348921	3.3108132125831674e-5
rs1_2356161	1	2356161	3.3108132125831674e-5
rs1_2356173	1	2356173	3.3108132125831674e-5
rs1_2682308	1	2682308	3.3174965860169145e-5
rs1_2657670	1	2657670	3.337426265769644e-5
rs1_2657753	1	2657753	3.337426265769644e-5
rs1_2658996	1	2658996	3.337426265769644e-5
rs1_2659046	1	2659046	3.337426265769644e-5
rs1_3831653	1	3831653	3.372767360723625e-5
rs1_3186987	1	3186987	3.435276746742262e-5
rs1_3870845	1	3870845	3.535021039405911e-5
rs1_955220	1	955220	3.537984483518359e-5
rs1_1703932	1	1703932	3.5895423874241385e-5
rs1_1697216	1	1697216	3.6114819198849164e-5
rs1_2464325	1	2464325	3.613916820907015e-5
rs1_2935175	1	2935175	3.62321229036904e-5
rs1_3824680	1	3824680	3.643815768316914e-5
rs1_3037691	1	3037691	3.7182242868065507e-5
rs1_2334769	1	2334769	3.753216783758173e-5
rs1_3123646	1	3123646	3.789578310616339e-5
rs1_3123958	1	3123958	3.789578310616339e-5
rs1_3884589	1	3884589	3.8360297538616695e-5
rs1_3884616	1	3884616	3.8360297538616695e-5
rs1_2493317	1	2493317	3.902163328666722e-5
rs1_2493559	1	2493559	3.9219582565621576e-5
rs1_2659519	1	2659519	4.15620347120838e-5
rs1_2599990	1	2599990	4.164675917389643e-5
rs1_3884738	1	3884738	4.1655328526397716e-5
rs1_1662898	1	1662898	4.1746998815094364e-5
rs1_1662903	1	1662903	4.1746998815094364e-5
rs1_2432373	1	2432373	4.231533282445525e-5
rs1_2936948	1	2936948	4.244566973637079e-5
rs1_3884816	1	3884816	4.2572480983409377e-05
rs1_3064425	1	3064425	4.26666517456645e-5
rs1_3880796	1	3880796	4.3122007759752345e-5
rs1_3871311	1	3871311	4.33220854038192e-5
rs1_224403	1	224403	4.3922618547371584e-5
rs1_3267292	1	3267292	4.4085132432263e-5
rs1_2682397	1	2682397	4.425412282747375e-5
rs1_2682422	1	2682422	4.425412282747375e-5
rs1_2682210	1	2682210	4.490607378188175e-5
rs1_3441069	1	3441069	4.499427451126166e-5
rs1_3189831	1	3189831	4.524945235913228e-5
rs1_2393006	1	2393006	4.544275231803101e-5
rs1_2462119	1	2462119	4.6021686482231905e-5
rs1_2935011	1	2935011	4.721289720008589e-5
rs1_2935025	1	2935025	4.721289720008589e-5
rs1_2935051	1	2935051	4.721289720008589e-5
rs1_2935117	1	2935117	4.721289720008589e-5
rs1_3880890	1	3880890	4.756969750494527e-5
rs1_2466222	1	2466222	4.766291320062703e-5
rs1_3431385	1	3431385	4.794813425149217e-5
rs1_2493432	1	2493432	4.8499420043124805e-5
rs1_3261503	1	3261503	4.89166753273293e-5
rs1_1697459	1	1697459	5.070871179312902e-5
rs1_2466242	1	2466242	5.260759343245211e-5
rs1_3069360	1	3069360	5.3961944503135154e-5
rs1_2690692	1	2690692	5.439437700665097e-5
rs1_225138	1	225138	5.583649411301259e-5
rs1_3192420	1	3192420	5.6909842019622606e-5
rs1_2536283	1	2536283	5.705457078377568e-5
rs1_3193083	1	3193083	5.7497914000405575e-5
rs1_802886	1	802886	5.780616859653581e-5
rs1_3033055	1	3033055	5.819930936003562e-5
rs1_502457	1	502457	5.8426812259718774e-5
rs1_2948670	1	2948670	5.858643077631684e-5
rs1_3441158	1	3441158	5.971534810684406e-5
rs1_3441160	1	3441160	5.971534810684406e-5
rs1_4045192	1	4045192	5.989630786410065e-5
rs1_3068842	1	3068842	6.0394600527971085e-5
rs1_3068857	1	3068857	6.0394600527971085e-5
rs1_2536621	1	2536621	6.061202893973821e-5
rs1_4045616	1	4045616	6.23907995918872e-5
rs1_3880357	1	3880357	6.337584565172955e-5
rs1_3068969	1	3068969	6.34725198866406e-5
rs1_3068989	1	3068989	6.34725198866406e-5
rs1_3183562	1	3183562	6.353055145681463e-5
rs1_2390912	1	2390912	6.49561521452765e-5
rs1_3885591	1	3885591	6.532899880185433e-5
rs1_3885561	1	3885561	6.545503851518406e-5
rs1_2347816	1	2347816	6.569200258709496e-5
rs1_2347935	1	2347935	6.569200258709496e-5
rs1_2347955	1	2347955	6.569200258709496e-5
rs1_2348025	1	2348025	6.569200258709496e-5
rs1_2391885	1	2391885	6.666079386632072e-5
rs1_3886024	1	3886024	6.780920679902849e-5
rs1_3432078	1	3432078	6.842427948494374e-5
rs1_3887480	1	3887480	6.892964124314191e-5
rs1_2690550	1	2690550	7.028149551556154e-5
rs1_2493468	1	2493468	7.06934943927584e-5
rs1_3037660	1	3037660	7.196165015157298e-5
rs1_2348588	1	2348588	7.240508671526052e-5
rs1_2348610	1	2348610	7.240508671526052e-5
rs1_2348615	1	2348615	7.240508671526052e-5
rs1_2348625	1	2348625	7.240508671526052e-5
rs1_2348708	1	2348708	7.240508671526052e-5
rs1_2348715	1	2348715	7.240508671526052e-5
rs1_2348727	1	2348727	7.240508671526052e-5
rs1_2356151	1	2356151	7.240508671526052e-5
rs1_2356171	1	2356171	7.240508671526052e-5
rs1_2691840	1	2691840	7.304655242709157e-5
rs1_2948903	1	2948903	7.467188532763673e-5
rs1_3037709	1	3037709	7.58157302357871e-5
rs1_2690667	1	2690667	7.674924325229544e-5
rs1_3823234	1	3823234	7.724686947605128e-5
rs1_3662062	1	3662062	7.726387613618718e-5
rs1_3662150	1	3662150	7.726387613618718e-5
rs1_2391411	1	2391411	7.768026253588953e-5
rs1_3032959	1	3032959	7.77991081962875e-5
rs1_3032997	1	3032997	7.77991081962875e-5
rs1_3042290	1	3042290	7.860372076003281e-5
rs1_3593578	1	3593578	8.171409839624655e-5
rs1_3871740	1	3871740	8.207462287641618e-5
rs1_834369	1	834369	8.249776877621149e-5
rs1_3029078	1	3029078	8.253407199588066e-5
rs1_2347860	1	2347860	8.25580640906885e-5
rs1_3265502	1	3265502	8.285159674561665e-5
rs1_3884071	1	3884071	8.3483099147342e-5
rs1_3430532	1	3430532	8.349416069571899e-5
rs1_3069150	1	3069150	8.354763550681334e-5
rs1_2948580	1	2948580	8.550616513889391e-5
rs1_3885661	1	3885661	8.582839591494325e-5
rs1_2536627	1	2536627	8.58322943522819e-5
rs1_3433771	1	3433771	8.59528958604216e-5
rs1_150757	1	150757	8.683519911823978e-5
rs1_2392084	1	2392084	8.707008435781612e-5
rs1_3657208	1	3657208	8.726769119299591e-5
rs1_955216	1	955216	8.8393450120626e-5
rs1_2893483	1	2893483	8.894287497622565e-5
rs1_3885629	1	3885629	8.914440887863439e-5
rs1_3885643	1	3885643	8.914440887863439e-5
rs1_2899071	1	2899071	8.984936787564597e-5
rs1_2392019	1	2392019	9.025695376006226e-5
rs1_3028669	1	3028669	9.049663931189838e-5
rs1_2468528	1	2468528	9.178843273743971e-5
rs1_2468531	1	2468531	9.178843273743971e-5
rs1_3658289	1	3658289	9.21203544922419e-5
rs1_3064508	1	3064508	9.235728603333277e-5
rs1_3064843	1	3064843	9.235728603333277e-5
rs1_3030084	1	3030084	9.252785356300975e-5
rs1_3030857	1	3030857	9.252785356300975e-5
rs1_2391719	1	2391719	9.396189995567403e-5
rs1_3065045	1	3065045	9.573993804213812e-5
rs1_3065047	1	3065047	9.573993804213812e-5
rs1_3065049	1	3065049	9.573993804213812e-5
rs1_3123267	1	3123267	9.685274092340776e-5
rs1_3064271	1	3064271	9.784416652716855e-5
rs1_882575	1	882575	9.853159186456545e-5
rs1_2795487	1	2795487	9.876804737877676e-5
rs1_2536018	1	2536018	9.966301974125889e-5
rs1_2207278	1	2207278	9.967798788245068e-5
rs1_3037626	1	3037626	9.973329974128874e-5
rs1_2683814	1	2683814	9.995918917401537e-5
rs1_2732540	1	2732540	9.999491941738843e-5
rs1_3068946	1	3068946	1.021346308598317e-4
rs1_3277993	1	3277993	1.021351241396507e-4
rs1_2684014	1	2684014	1.0416011101972273e-4
rs1_3068864	1	3068864	1.0647754691272609e-4
rs1_2681885	1	2681885	1.065612647426989e-4
rs1_3661177	1	3661177	1.0742790293910993e-4
rs1_3885836	1	3885836	1.0751621189268267e-4
rs1_3885884	1	3885884	1.0751621189268267e-4
rs1_3885939	1	3885939	1.0751621189268267e-4
rs1_2801530	1	2801530	1.0822341895466044e-4
rs1_3028994	1	3028994	1.0967032305199549e-4
rs1_3029428	1	3029428	1.0967032305199549e-4
rs1_3029772	1	3029772	1.0967032305199549e-4
rs1_2749969	1	2749969	1.1031298599124396e-4
rs1_2535642	1	2535642	1.1064643401789283e-4
rs1_2690404	1	2690404	1.110879444858724e-4
rs1_2391125	1	2391125	1.1193128688037972e-4
rs1_2685951	1	2685951	1.1291844223520687e-4
rs1_2467433	1	2467433	1.1380565833070986e-4
rs1_2467485	1	2467485	1.1380565833070986e-4
rs1_2467491	1	2467491	1.1380565833070986e-4
rs1_3268601	1	3268601	1.1416585454032968e-4
rs1_3433635	1	3433635	1.1426281616666738e-4
rs1_3871382	1	3871382	1.1463737865621076e-4
rs1_3122828	1	3122828	1.1477683479811178e-4
rs1_3091811	1	3091811	1.1667559575444274e-4
rs1_3068608	1	3068608	1.1781028444133294e-4
rs1_1664901	1	1664901	1.1847761321627078e-4
rs1_966838	1	966838	1.1944871404127858e-4
rs1_3026816	1	3026816	1.1995334902428569e-4
rs1_3027699	1	3027699	1.1995334902428569e-4
rs1_3028902	1	3028902	1.1995334902428569e-4
rs1_2536526	1	2536526	1.2002942269596798e-4
rs1_3073976	1	3073976	1.208303290461917e-4
rs1_3127900	1	3127900	1.2089306019766822e-4
rs1_1636222	1	1636222	1.2277635413018783e-4
rs1_2681962	1	2681962	1.2381538925767684e-4
rs1_957832	1	957832	1.2482921429682222e-4
rs1_3880440	1	3880440	1.2504236702500708e-4
rs1_3732995	1	3732995	1.266339709791439e-4
rs1_2948073	1	2948073	1.2731162708672016e-4
rs1_3659205	1	3659205	1.287382507128541e-4
rs1_2087671	1	2087671	1.2922713672540128e-4
rs1_2088223	1	2088223	1.2922713672540128e-4
rs1_3441702	1	3441702	1.2940572311283645e-4
rs1_3441703	1	3441703	1.2940572311283645e-4
rs1_3026064	1	3026064	1.2983441290186722e-4
rs1_3026281	1	3026281	1.2983441290186722e-4
rs1_3073900	1	3073900	1.3007083973053124e-4
rs1_2348425	1	2348425	1.3203287256244385e-4
rs1_2903447	1	2903447	1.3214051941649996e-4
rs1_891324	1	891324	1.3280383396478037e-4
rs1_3871826	1	3871826	1.329153189746521e-4
rs1_955925	1	955925	1.3425175344210783e-4
rs1_956012	1	956012	1.3425175344210783e-4
rs1_957924	1	957924	1.3425175344210783e-4
rs1_961946	1	961946	1.3425175344210783e-4
rs1_962019	1	962019	1.3425175344210783e-4
rs1_968969	1	968969	1.3425175344210783e-4
rs1_970932	1	970932	1.3425175344210783e-4
rs1_976458	1	976458	1.3425175344210783e-4
rs1_3064667	1	3064667	1.352015799323129e-4
rs1_3885757	1	3885757	1.3699398887462947e-4
rs1_2687226	1	2687226	1.3776416148788732e-4
rs1_995899	1	995899	1.3900377013051417e-4
rs1_996426	1	996426	1.3900377013051417e-4
rs1_2801290	1	2801290	1.3935579315343854e-4
rs1_2948056	1	2948056	1.4061329129900325e-4
rs1_3722635	1	3722635	1.4103206635593987e-4
rs1_3032871	1	3032871	1.4234997920012002e-4
rs1_891805	1	891805	1.4254752364828985e-4
rs1_894986	1	894986	1.4254752364828985e-4
rs1_927912	1	927912	1.4254752364828985e-4
rs1_932389	1	932389	1.4254752364828985e-4
rs1_932442	1	932442	1.4254752364828985e-4
rs1_933567	1	933567	1.4254752364828985e-4
rs1_934121	1	934121	1.4254752364828985e-4
rs1_940696	1	940696	1.4254752364828985e-4
rs1_948271	1	948271	1.4254752364828985e-4
rs1_951017	1	951017	1.4254752364828985e-4
rs1_3192209	1	3192209	1.4711712139394296e-4
rs1_3192226	1	3192226	1.4711712139394296e-4
rs1_2687673	1	2687673	1.4717429204953657e-4
rs1_962430	1	962430	1.483511088316514e-4
rs1_2542951	1	2542951	1.5026002310733908e-4
rs1_2542952	1	2542952	1.5026002310733908e-4
rs1_891480	1	891480	1.5460813994211557e-4
rs1_2682346	1	2682346	1.5489437115425014e-4
rs1_849700	1	849700	1.6055963663818846e-4
rs1_3872463	1	3872463	1.606262927072124e-4
rs1_3064511	1	3064511	1.6062994053890866e-4
rs1_1208367	1	1208367	1.6267673129643858e-4
rs1_3881385	1	3881385	1.6421045041692747e-4
rs1_3037162	1	3037162	1.6487851744233033e-4
rs1_3035053	1	3035053	0.00016488527442543467
rs1_3037610	1	3037610	1.6727457063669688e-4
rs1_2937213	1	2937213	1.688912080953947e-4
rs1_35259	1	35259	1.693490379214202e-4
rs1_69150	1	69150	1.693490379214202e-4
rs1_72480	1	72480	1.693490379214202e-4
rs1_3661475	1	3661475	1.710073001250707e-4
rs1_2727710	1	2727710	1.7348811627479127e-4
rs1_2727725	1	2727725	1.7348811627479127e-4
rs1_2728078	1	2728078	1.736687489964561e-4
rs1_2689019	1	2689019	1.7416037003297814e-4
rs1_82391	1	82391	1.765958238408127e-4
rs1_85456	1	85456	1.765958238408127e-4
rs1_86076	1	86076	1.765958238408127e-4
rs1_86696	1	86696	1.765958238408127e-4
rs1_88892	1	88892	1.765958238408127e-4
rs1_89330	1	89330	1.765958238408127e-4
rs1_89587	1	89587	1.765958238408127e-4
rs1_90048	1	90048	1.765958238408127e-4
rs1_91017	1	91017	1.765958238408127e-4
rs1_91655	1	91655	1.765958238408127e-4
rs1_91862	1	91862	1.765958238408127e-4
rs1_93056	1	93056	1.765958238408127e-4
rs1_109272	1	109272	1.765958238408127e-4
rs1_127711	1	127711	1.765958238408127e-4
rs1_128373	1	128373	1.765958238408127e-4
rs1_129926	1	129926	1.765958238408127e-4
rs1_129956	1	129956	1.765958238408127e-4
rs1_130360	1	130360	1.765958238408127e-4
rs1_130504	1	130504	1.765958238408127e-4
rs1_130705	1	130705	1.765958238408127e-4
rs1_132515	1	132515	1.765958238408127e-4
rs1_132714	1	132714	1.765958238408127e-4
rs1_132821	1	132821	1.765958238408127e-4
rs1_133223	1	133223	1.765958238408127e-4
rs1_134247	1	134247	1.765958238408127e-4
rs1_134347	1	134347	1.765958238408127e-4
rs1_136323	1	136323	1.765958238408127e-4
rs1_136988	1	136988	1.765958238408127e-4
rs1_136991	1	136991	1.765958238408127e-4
rs1_137228	1	137228	1.765958238408127e-4
rs1_144424	1	144424	1.765958238408127e-4
rs1_145861	1	145861	1.765958238408127e-4
rs1_148612	1	148612	1.765958238408127e-4
rs1_3037696	1	3037696	1.79088809570616e-4
rs1_3065048	1	3065048	1.8038209120026715e-4
rs1_3065073	1	3065073	1.8038209120026715e-4
rs1_2688303	1	2688303	1.8109539219444496e-4
rs1_3266921	1	3266921	1.819924544073883e-4
rs1_2660059	1	2660059	1.8312012936531406e-4
rs1_2937255	1	2937255	1.8388322290650865e-4
rs1_2937276	1	2937276	1.8388322290650865e-4
rs1_3485375	1	3485375	1.8453507690119523e-4
rs1_3486415	1	3486415	1.8453507690119523e-4
rs1_2727854	1	2727854	1.8910460142127324e-4
rs1_3639202	1	3639202	1.8934286368663169e-4
rs1_3357807	1	3357807	1.9292531435497913e-4
rs1_3064905	1	3064905	1.937999778037505e-4
rs1_3722708	1	3722708	1.9425758503553868e-4
rs1_3887913	1	3887913	1.9453033230693923e-4
rs1_3072137	1	3072137	1.9477404245921476e-4
rs1_2936612	1	2936612	1.9558422530798804e-4
rs1_2937107	1	2937107	1.9558422530798804e-4
rs1_2937204	1	2937204	1.9558422530798804e-4
rs1_2937205	1	2937205	1.9558422530798804e-4
rs1_2392121	1	2392121	1.9559149044797277e-4
rs1_1731184	1	1731184	1.9620472243966195e-4
rs1_2392842	1	2392842	1.982511052899439e-4
rs1_2392898	1	2392898	1.982511052899439e-4
rs1_2392915	1	2392915	1.982511052899439e-4
rs1_2392987	1	2392987	1.982511052899439e-4
rs1_3462179	1	3462179	1.9983482021968628e-4
rs1_2493531	1	2493531	2.0147890824918628e-4
rs1_3872294	1	3872294	2.0245758848685467e-4
rs1_3271100	1	3271100	2.0260258018922996e-4
rs1_2687496	1	2687496	2.0385665833048895e-4
rs1_3474586	1	3474586	2.0421211365150816e-4
rs1_2690691	1	2690691	2.0454910667252167e-4
rs1_3030565	1	3030565	2.05366379306121e-4
rs1_3893112	1	3893112	2.0632887042167157e-4
rs1_2682172	1	2682172	2.0787897755964488e-4
rs1_3638266	1	3638266	2.0931406662445999e-4
rs1_3638274	1	3638274	2.0931406662445999e-4
rs1_2536622	1	2536622	2.0961388852079873e-4
rs1_3075990	1	3075990	2.098728811811656e-4
rs1_3192426	1	3192426	2.1123133581881417e-4
rs1_3367416	1	3367416	2.123491155404122e-4
rs1_3367475	1	3367475	2.123491155404122e-4
rs1_3030482	1	3030482	2.2049311936295715e-4
rs1_3266056	1	3266056	2.208831738274845e-4
rs1_3266338	1	3266338	2.208831738274845e-4
rs1_2681950	1	2681950	2.277108514593547e-4
rs1_2467859	1	2467859	2.2783330265866098e-4
rs1_86681	1	86681	2.3052751271564092e-4
rs1_86697	1	86697	2.3052751271564092e-4
rs1_88409	1	88409	2.3052751271564092e-4
rs1_91811	1	91811	2.3052751271564092e-4
rs1_92261	1	92261	2.3052751271564092e-4
rs1_3024130	1	3024130	2.31546286233819e-4
rs1_2796163	1	2796163	2.3555516651946776e-4
rs1_3891284	1	3891284	2.3733367994633022e-4
rs1_2686201	1	2686201	2.3748918455062805e-4
rs1_3028947	1	3028947	2.3775376778219375e-4
rs1_1620635	1	1620635	2.393477850583507e-4
rs1_2392894	1	2392894	2.4033073142892345e-4
rs1_3638337	1	3638337	2.4118976387854752e-4
rs1_3638374	1	3638374	2.4118976387854752e-4
rs1_3638413	1	3638413	2.4118976387854752e-4
rs1_1763973	1	1763973	2.420462721186821e-4
rs1_1764031	1	1764031	2.420462721186821e-4
rs1_1764066	1	1764066	2.420462721186821e-4
rs1_3065004	1	3065004	2.451703013568568e-4
rs1_224441	1	224441	2.4667493561784264e-4
rs1_3031518	1	3031518	2.4756046375820113e-4
rs1_4045344	1	4045344	2.4928817290746836e-4
rs1_2462320	1	2462320	2.527706116554829e-4
rs1_2462685	1	2462685	2.527706116554829e-4
rs1_2462775	1	2462775	2.527706116554829e-4
rs1_2936854	1	2936854	2.56407831782548e-4
rs1_2681811	1	2681811	2.5681931414674695e-4
rs1_3220113	1	3220113	2.5704846938554064e-4
rs1_3662634	1	3662634	2.576762467399932e-4
rs1_111857	1	111857	2.582392200137788e-4
rs1_111867	1	111867	2.582392200137788e-4
rs1_3219374	1	3219374	0.00026029928788173405
rs1_2426033	1	2426033	2.6380663986647475e-4
rs1_3268551	1	3268551	2.6755472554449767e-4
rs1_2685916	1	2685916	2.6932771286587547e-4
rs1_3275514	1	3275514	2.7352123446240293e-4
rs1_3064868	1	3064868	2.7400459133798287e-4
rs1_3192129	1	3192129	2.7482056317844225e-4
rs1_2493780	1	2493780	2.753660216473079e-4
rs1_2392971	1	2392971	2.787396844916948e-4
rs1_3431898	1	3431898	2.788112900761771e-4
rs1_3431899	1	3431899	2.788112900761771e-4
rs1_2796499	1	2796499	2.810531750910891e-4
rs1_2794608	1	2794608	2.814678001837543e-4
rs1_2727984	1	2727984	2.820768756612177e-4
rs1_2813656	1	2813656	2.828163686965002e-4
rs1_2718412	1	2718412	2.8478533975042063e-4
rs1_2718455	1	2718455	2.8478533975042063e-4
rs1_2391171	1	2391171	2.8517975305427767e-4
rs1_3405170	1	3405170	2.8560354577810955e-4
rs1_2935649	1	2935649	2.8784564954233545e-4
rs1_3887412	1	3887412	2.887043005736221e-4
rs1_2686127	1	2686127	2.8920558373577993e-4
rs1_2465696	1	2465696	2.9007964394132105e-4
rs1_3265687	1	3265687	2.910063980789847e-4
rs1_3191964	1	3191964	2.9109917371058624e-4
rs1_3209722	1	3209722	2.914071620613074e-4
rs1_3661590	1	3661590	2.921884937425191e-4
rs1_2718216	1	2718216	2.94499741651493e-4
rs1_3209520	1	3209520	2.95285980544453e-4
rs1_2467762	1	2467762	2.9696484561155917e-4
rs1_2467779	1	2467779	2.9696484561155917e-4
rs1_3658465	1	3658465	2.9837930260151474e-4
rs1_1763006	1	1763006	2.9890683350802783e-4
rs1_1763011	1	1763011	2.9890683350802783e-4
rs1_1763020	1	1763020	2.9890683350802783e-4
rs1_3026298	1	3026298	2.993849785290487e-4
rs1_3027001	1	3027001	2.993849785290487e-4
rs1_3027419	1	3027419	2.993849785290487e-4
rs1_3027744	1	3027744	2.993849785290487e-4
rs1_3030054	1	3030054	2.993849785290487e-4
rs1_3880948	1	3880948	3.002864149304979e-4
rs1_3076038	1	3076038	3.0248528180124436e-4
rs1_2935427	1	2935427	3.0343461226637686e-4
rs1_2536218	1	2536218	3.0383652508268933e-4
rs1_2536252	1	2536252	3.0383652508268933e-4
rs1_2686397	1	2686397	3.0626854761868673e-4
rs1_2686726	1	2686726	3.0626854761868673e-4
rs1_2686796	1	2686796	3.0626854761868673e-4
rs1_2949969	1	2949969	3.080421022576157e-4
rs1_2796383	1	2796383	3.0962132467719783e-4
rs1_3091842	1	3091842	3.099115902905522e-4
rs1_3091843	1	3091843	3.099115902905522e-4
rs1_3092003	1	3092003	3.099115902905522e-4
rs1_2684124	1	2684124	3.1060385420588843e-4
rs1_3963114	1	3963114	3.1108400277635184e-4
rs1_3888116	1	3888116	3.1378995756475424e-4
rs1_2462648	1	2462648	3.158975755938471e-4
rs1_3887476	1	3887476	3.1617373488995504e-4
rs1_3595145	1	3595145	3.164036655140875e-4
rs1_3886758	1	3886758	3.1819680899946337e-4
rs1_3886981	1	3886981	3.1819680899946337e-4
rs1_3887036	1	3887036	3.1819680899946337e-4
rs1_3887103	1	3887103	3.1819680899946337e-4
rs1_3887275	1	3887275	3.1819680899946337e-4
rs1_3887531	1	3887531	3.1819680899946337e-4
rs1_3888020	1	3888020	3.1819680899946337e-4
rs1_3888318	1	3888318	3.1819680899946337e-4
rs1_3888838	1	3888838	3.1819680899946337e-4
rs1_3889402	1	3889402	3.1819680899946337e-4
rs1_3890568	1	3890568	3.1819680899946337e-4
rs1_3890902	1	3890902	3.1819680899946337e-4
rs1_3891022	1	3891022	3.1819680899946337e-4
rs1_3891040	1	3891040	3.1819680899946337e-4
rs1_3891293	1	3891293	3.1819680899946337e-4
rs1_3891501	1	3891501	3.1819680899946337e-4
rs1_3891627	1	3891627	3.1819680899946337e-4
rs1_3037538	1	3037538	3.1956789185593165e-4
rs1_3030268	1	3030268	3.210954972254864e-4
rs1_2795962	1	2795962	3.236520120640158e-4
rs1_2796810	1	2796810	3.262835673115096e-4
rs1_2686364	1	2686364	3.263157002094183e-4
rs1_3722320	1	3722320	3.271826014051266e-4
rs1_2464295	1	2464295	3.283123123177814e-4
rs1_2682496	1	2682496	3.2897562824698944e-4
rs1_2794881	1	2794881	3.3145028672053794e-4
rs1_2795358	1	2795358	3.3145028672053794e-4
rs1_3191751	1	3191751	3.317184736040041e-4
rs1_2718244	1	2718244	3.3505913002846853e-4
rs1_2718351	1	2718351	3.3505913002846853e-4
rs1_2392977	1	2392977	3.354299901009698e-4
rs1_2796882	1	2796882	3.3778644071239027e-4
rs1_2796900	1	2796900	3.3778644071239027e-4
rs1_2797071	1	2797071	3.3778644071239027e-4
rs1_3427628	1	3427628	3.400028951077779e-4
rs1_1764286	1	1764286	3.4273619204741135e-4
rs1_1764305	1	1764305	3.4273619204741135e-4
rs1_1764288	1	1764288	3.4275011737424906e-4
rs1_2797131	1	2797131	3.4591288962823976e-4
rs1_2797413	1	2797413	3.4591288962823976e-4
rs1_3042585	1	3042585	3.4639259443119535e-4
rs1_1764175	1	1764175	3.4751502937026583e-4
rs1_1764238	1	1764238	3.4751502937026583e-4
rs1_1764249	1	1764249	3.4751502937026583e-4
rs1_1764261	1	1764261	3.4751502937026583e-4
rs1_3662138	1	3662138	3.4879197588000635e-4
rs1_2793985	1	2793985	3.49204165809338e-4
rs1_2794367	1	2794367	3.49204165809338e-4
rs1_3885097	1	3885097	3.495816207014816e-4
rs1_3030820	1	3030820	3.519716338291716e-4
rs1_3792854	1	3792854	3.532041750808655e-4
rs1_2796772	1	2796772	3.538928715017309e-4
rs1_2795803	1	2795803	3.573826928090368e-4
rs1_880589	1	880589	3.577728660419605e-4
rs1_3661119	1	3661119	3.578781700225726e-4
rs1_2682588	1	2682588	3.5791187547822413e-4
rs1_2682669	1	2682669	3.5791187547822413e-4
rs1_2683515	1	2683515	3.5791187547822413e-4
rs1_1764417	1	1764417	3.584343246165449e-4
rs1_1763922	1	1763922	3.6344708183311226e-4
rs1_224283	1	224283	3.658942216305008e-4
rs1_1150248	1	1150248	3.6707815315343125e-4
rs1_2334126	1	2334126	3.671003439925106e-4
rs1_3739856	1	3739856	3.6739563061034044e-4
rs1_3889769	1	3889769	3.6759169669659995e-4
rs1_3889892	1	3889892	3.6759169669659995e-4
rs1_3889058	1	3889058	3.6796892787845846e-4
rs1_1134558	1	1134558	3.726759321759491e-4
rs1_3695077	1	3695077	3.73298996217005e-4
rs1_3063965	1	3063965	3.738768024216563e-4
rs1_3427268	1	3427268	3.7878657896182075e-4
rs1_3427652	1	3427652	3.7878657896182075e-4
rs1_3427664	1	3427664	3.7878657896182075e-4
rs1_3427923	1	3427923	3.7878657896182075e-4
rs1_2904815	1	2904815	3.8281009934881154e-4
rs1_3891781	1	3891781	3.854205061151465e-4
rs1_3891938	1	3891938	3.854205061151465e-4
rs1_3892055	1	3892055	3.854205061151465e-4
rs1_3892066	1	3892066	3.854205061151465e-4
rs1_3892333	1	3892333	3.854205061151465e-4
rs1_3892422	1	3892422	3.854205061151465e-4
rs1_3892549	1	3892549	3.854205061151465e-4
rs1_3892807	1	3892807	3.854205061151465e-4
rs1_3893599	1	3893599	3.854205061151465e-4
rs1_3893686	1	3893686	3.854205061151465e-4
rs1_3893986	1	3893986	3.854205061151465e-4
rs1_3894053	1	3894053	3.854205061151465e-4
rs1_3894309	1	3894309	3.854205061151465e-4
rs1_3894744	1	3894744	3.854205061151465e-4
rs1_3894772	1	3894772	3.854205061151465e-4
rs1_2468398	1	2468398	3.8830758811986326e-4
rs1_2727401	1	2727401	3.9235748508515507e-4
rs1_3042389	1	3042389	3.980048004484998e-4
rs1_2388752	1	2388752	4.00664786626467e-4
rs1_1764333	1	1764333	4.0279719708325086e-4
rs1_3023569	1	3023569	4.0416682892840234e-4
rs1_3405308	1	3405308	4.0471351204369056e-4
rs1_3074308	1	3074308	4.0548961185362737e-4
rs1_225242	1	225242	4.0740995651556187e-4
rs1_2466269	1	2466269	4.1019515570125655e-4
rs1_2840912	1	2840912	4.139893589563482e-4
rs1_2683590	1	2683590	4.1544996464596757e-4
rs1_2683670	1	2683670	4.1544996464596757e-4
rs1_2792897	1	2792897	4.176700817981362e-4
rs1_3023624	1	3023624	4.1884814639796264e-4
rs1_2926760	1	2926760	4.192807771589044e-4
rs1_2685435	1	2685435	4.204008987420093e-4
rs1_2685550	1	2685550	4.204008987420093e-4
rs1_3661209	1	3661209	4.235573339612159e-4
rs1_3658317	1	3658317	4.241788142701048e-4
rs1_2935420	1	2935420	4.2865333120861607e-4
rs1_2334143	1	2334143	4.303596129534334e-4
rs1_2334149	1	2334149	4.303596129534334e-4
rs1_3042752	1	3042752	4.3061500351340536e-4
rs1_2568038	1	2568038	4.345438072167575e-4
rs1_3662168	1	3662168	4.3533726062470747e-4
rs1_3662191	1	3662191	4.3533726062470747e-4
rs1_2797677	1	2797677	4.380228737489761e-4
rs1_3025578	1	3025578	4.4181107902345923e-4
rs1_1762808	1	1762808	4.43411635622836e-4
rs1_3037149	1	3037149	4.4498739679917185e-4
rs1_2347904	1	2347904	4.4506387529361075e-4
rs1_2347912	1	2347912	4.4506387529361075e-4
rs1_224584	1	224584	4.46380620820131e-4
rs1_2682830	1	2682830	4.4915336728258904e-4
rs1_2681776	1	2681776	4.4941979720494166e-4
rs1_2681794	1	2681794	4.4941979720494166e-4
rs1_3662139	1	3662139	4.5384519986400905e-4
rs1_2464042	1	2464042	4.573000788429335e-4
rs1_2464135	1	2464135	4.573000788429335e-4
rs1_3191980	1	3191980	4.573697556903595e-4
rs1_4033401	1	4033401	4.5764659945951217e-4
rs1_3025834	1	3025834	4.6060430512328925e-4
rs1_2793355	1	2793355	4.6105783271167605e-4
rs1_3026120	1	3026120	4.630793635523033e-4
rs1_3396726	1	3396726	4.633159595109501e-4
rs1_2733355	1	2733355	4.6607033548548376e-4
rs1_1620121	1	1620121	4.6793561816216967e-4
rs1_3190824	1	3190824	4.681942231927634e-4
rs1_2690258	1	2690258	4.696006368869371e-4
rs1_2535588	1	2535588	4.7059101043751996e-4
rs1_2424326	1	2424326	4.725161027061566e-4
rs1_3893953	1	3893953	4.7451152367090384e-4
rs1_1132132	1	1132132	4.7649428226640274e-4
rs1_3735091	1	3735091	4.7754625357373376e-4
rs1_990443	1	990443	4.7755212437222444e-4
rs1_991198	1	991198	4.7755212437222444e-4
rs1_3191271	1	3191271	4.8067499511184297e-4
rs1_2718414	1	2718414	4.839303322849387e-4
rs1_3034348	1	3034348	4.859373625472805e-4
rs1_2388663	1	2388663	4.864101821192873e-4
rs1_2388670	1	2388670	4.864101821192873e-4
rs1_3091011	1	3091011	4.914523498236548e-4
rs1_1135866	1	1135866	4.967127779153063e-4
rs1_3872049	1	3872049	4.96722690124214e-4
rs1_2796485	1	2796485	4.997719484148583e-4
rs1_3872300	1	3872300	5.009523306844303e-4
rs1_3659227	1	3659227	5.020493416050842e-4
rs1_3044402	1	3044402	5.096535210169459e-4
rs1_3461477	1	3461477	5.12360429534005e-4
rs1_961960	1	961960	5.130035964989907e-4
rs1_961975	1	961975	5.130035964989907e-4
rs1_967486	1	967486	5.130035964989907e-4
rs1_1136467	1	1136467	5.137862943318346e-4
rs1_3206418	1	3206418	5.14905662784822e-4
rs1_3255987	1	3255987	5.155476324246122e-4
rs1_3034267	1	3034267	5.162991419215996e-4
rs1_223018	1	223018	5.190476533989466e-4
rs1_3035024	1	3035024	5.28161299120082e-4
rs1_3037150	1	3037150	5.331726155754731e-4
rs1_3191830	1	3191830	0.00053799901930694585
rs1_3191840	1	3191840	0.00053799901930694585
rs1_882375	1	882375	5.426518862600631e-4
rs1_894950	1	894950	5.426518862600631e-4
rs1_927964	1	927964	5.426518862600631e-4
rs1_954868	1	954868	5.426518862600631e-4
rs1_2731294	1	2731294	5.48405489707851e-4
rs1_3640089	1	3640089	5.48827968883961e-4
rs1_3034374	1	3034374	5.531008787840804e-4
rs1_2466927	1	2466927	5.548680908535259e-4
rs1_1758694	1	1758694	5.587305433548627e-4
rs1_3366226	1	3366226	5.598927359121413e-4
rs1_3366227	1	3366227	5.598927359121413e-4
rs1_3366281	1	3366281	5.598927359121413e-4
rs1_3366292	1	3366292	5.598927359121413e-4
rs1_3024102	1	3024102	5.654554959654398e-4
rs1_2464436	1	2464436	5.658761254585355e-4
rs1_962302	1	962302	5.66349301166758e-4
rs1_3023889	1	3023889	5.666127109135292e-4
rs1_3220817	1	3220817	5.672466514931405e-4
rs1_3880509	1	3880509	5.679856294023881e-4
rs1_2426991	1	2426991	5.711847816543756e-4
rs1_3871189	1	3871189	5.790348784288143e-4
rs1_3404077	1	3404077	5.792553785218541e-4
rs1_136544	1	136544	5.793130760140481e-4
rs1_139049	1	139049	5.793130760140481e-4
rs1_144735	1	144735	5.793130760140481e-4
rs1_2690101	1	2690101	5.803762856672803e-4
rs1_1023492	1	1023492	5.891299147906316e-4
rs1_1024288	1	1024288	5.891299147906316e-4
rs1_1024315	1	1024315	5.891299147906316e-4
rs1_1024818	1	1024818	5.891299147906316e-4
rs1_1025002	1	1025002	5.891299147906316e-4
rs1_1025411	1	1025411	5.891299147906316e-4
rs1_1025683	1	1025683	5.891299147906316e-4
rs1_1025710	1	1025710	5.891299147906316e-4
rs1_1026103	1	1026103	5.891299147906316e-4
rs1_1026222	1	1026222	5.891299147906316e-4
rs1_1026583	1	1026583	5.891299147906316e-4
rs1_3074869	1	3074869	5.911699693658634e-4
rs1_3074899	1	3074899	5.911699693658634e-4
rs1_2391117	1	2391117	5.919745676511071e-4
rs1_2749913	1	2749913	5.930066777887135e-4
rs1_3033846	1	3033846	5.941540415590441e-4
rs1_220853	1	220853	5.966302096878187e-4
rs1_3034904	1	3034904	6.021475176246139e-4
rs1_933655	1	933655	6.029889746360948e-4
rs1_3023825	1	3023825	6.055471443894586e-4
rs1_3204653	1	3204653	6.105815551543653e-4
rs1_2391170	1	2391170	6.154937318849054e-4
rs1_3024751	1	3024751	6.20859006619064e-4
rs1_3872048	1	3872048	6.267014718156958e-4
rs1_3037106	1	3037106	6.324989160609483e-4
rs1_3026826	1	3026826	6.361820111530805e-4
rs1_2390995	1	2390995	6.402396418275139e-4
rs1_3462177	1	3462177	6.456453700464323e-4
rs1_3188150	1	3188150	6.477838976780628e-4
rs1_2726389	1	2726389	6.562019430789785e-4
rs1_2390850	1	2390850	6.577592621506012e-4
rs1_2390857	1	2390857	6.577592621506012e-4
rs1_2390869	1	2390869	6.577592621506012e-4
rs1_2390871	1	2390871	6.577592621506012e-4
rs1_2390875	1	2390875	6.577592621506012e-4
rs1_2390952	1	2390952	6.577592621506012e-4
rs1_2390953	1	2390953	6.577592621506012e-4
rs1_2390960	1	2390960	6.577592621506012e-4
rs1_3421504	1	3421504	6.614501126759712e-4
rs1_3024222	1	3024222	6.636521967034967e-4
rs1_3024242	1	3024242	6.636521967034967e-4
rs1_3024672	1	3024672	6.636521967034967e-4
rs1_2391394	1	2391394	6.660410488225584e-4
rs1_2683479	1	2683479	6.669661360259059e-4
rs1_2391124	1	2391124	6.674292133391607e-4
rs1_2392465	1	2392465	6.684104624040888e-4
rs1_2392468	1	2392468	6.684104624040888e-4
rs1_2392485	1	2392485	6.684104624040888e-4
rs1_2392592	1	2392592	6.684104624040888e-4
rs1_3433588	1	3433588	6.699509810213799e-4
rs1_3193123	1	3193123	6.722841559861712e-4
rs1_933843	1	933843	6.7245419602985e-4
rs1_969184	1	969184	6.7245419602985e-4
rs1_4045624	1	4045624	6.737651328700407e-4
rs1_3090994	1	3090994	6.761096019147003e-4
rs1_3431904	1	3431904	6.787989800335605e-4
rs1_891522	1	891522	6.798627160002384e-4
rs1_3431919	1	3431919	6.832522509373324e-4
rs1_2726143	1	2726143	6.837849880100584e-4
rs1_3035084	1	3035084	6.893016774502218e-4
rs1_3732973	1	3732973	6.938171123610803e-4
rs1_3192728	1	3192728	6.942345447975838e-4
rs1_1006417	1	1006417	6.951093562144958e-4
rs1_1006750	1	1006750	6.951093562144958e-4
rs1_1006758	1	1006758	6.951093562144958e-4
rs1_1007286	1	1007286	6.951093562144958e-4
rs1_1007331	1	1007331	6.951093562144958e-4
rs1_1007357	1	1007357	6.951093562144958e-4
rs1_1007424	1	1007424	6.951093562144958e-4
rs1_1007505	1	1007505	6.951093562144958e-4
rs1_1007518	1	1007518	6.951093562144958e-4
rs1_1007591	1	1007591	6.951093562144958e-4
rs1_1008368	1	1008368	6.951093562144958e-4
rs1_1008476	1	1008476	6.951093562144958e-4
rs1_1008914	1	1008914	6.951093562144958e-4
rs1_1009066	1	1009066	6.951093562144958e-4
rs1_1009072	1	1009072	6.951093562144958e-4
rs1_1009209	1	1009209	6.951093562144958e-4
rs1_1009228	1	1009228	6.951093562144958e-4
rs1_1009299	1	1009299	6.951093562144958e-4
rs1_1009300	1	1009300	6.951093562144958e-4
rs1_1009435	1	1009435	6.951093562144958e-4
rs1_1009534	1	1009534	6.951093562144958e-4
rs1_1009982	1	1009982	6.951093562144958e-4
rs1_1010032	1	1010032	6.951093562144958e-4
rs1_1010059	1	1010059	6.951093562144958e-4
rs1_1010671	1	1010671	6.951093562144958e-4
rs1_1010767	1	1010767	6.951093562144958e-4
rs1_1010922	1	1010922	6.951093562144958e-4
rs1_1011038	1	1011038	6.951093562144958e-4
rs1_1011041	1	1011041	6.951093562144958e-4
rs1_1011057	1	1011057	6.951093562144958e-4
rs1_1011558	1	1011558	6.951093562144958e-4
rs1_1011594	1	1011594	6.951093562144958e-4
rs1_1027203	1	1027203	6.951093562144958e-4
rs1_3064114	1	3064114	6.990099548057837e-4
rs1_3034306	1	3034306	7.055245611032676e-4
rs1_2334070	1	2334070	7.05901742449053e-4
rs1_999382	1	999382	7.265961993134224e-4
rs1_3884487	1	3884487	7.318884392445028e-4
rs1_220503	1	220503	7.328252319894309e-4
