Gene	Chromosome	Start	End
GRMZM2G059865	1	4854	9652
GRMZM5G888250	1	9882	10387
GRMZM2G093344	1	109519	111769
GRMZM2G093399	1	138929	136307
GRMZM5G809743	1	144657	144361
GRMZM5G833153	1	145646	144957
GRMZM2G306216	1	146265	147500
AC177838.2_FG015	1	161925	161143
GRMZM2G104572	1	235890	234779
GRMZM5G822187	1	243742	243464
GRMZM5G815900	1	257371	257026
GRMZM2G023794	1	264626	270895
GRMZM2G023863	1	274767	272525
GRMZM2G137648	1	371975	375908
GRMZM2G137697	1	374866	372538
GRMZM2G408834	1	385788	379244
GRMZM2G108663	1	423621	424483
AC204887.4_FG003	1	458334	458906
GRMZM2G471814	1	516015	514921
GRMZM2G330436	1	515997	526846
GRMZM2G032104	1	644608	652093
GRMZM2G333069	1	645388	644611
GRMZM2G399700	1	674823	680487
GRMZM2G703460	1	722516	722064
GRMZM2G474694	1	831120	835214
GRMZM2G172183	1	991117	983402
GRMZM2G073979	1	997695	995085
GRMZM2G374777	1	998660	997921
GRMZM2G374779	1	1003190	999356
GRMZM2G374812	1	1001050	1004936
GRMZM2G052586	1	1034670	1040163
GRMZM2G483779	1	1155582	1156724
GRMZM2G002121	1	1175065	1175912
GRMZM2G026639	1	1193131	1201437
GRMZM2G058632	1	1273392	1287902
GRMZM2G367714	1	1505329	1498897
GRMZM2G097229	1	1564786	1566049
GRMZM2G474194	1	1664360	1662969
GRMZM2G703462	1	1752158	1752469
GRMZM2G161483	1	1762553	1760349
GRMZM2G161540	1	1777859	1780778
AC193500.3_FG003	1	1779260	1778109
GRMZM2G161560	1	1785557	1787537
GRMZM2G079891	1	1855720	1858341
GRMZM2G379898	1	1876326	1874719
GRMZM2G060265	1	1955531	1953455
GRMZM2G361164	1	1953659	1955309
GRMZM2G060296	1	1960833	1968021
GRMZM2G176952	1	1969043	1969744
GRMZM2G164696	1	2037950	2035661
GRMZM2G703466	1	2040712	2045157
GRMZM2G114469	1	2085433	2087708
GRMZM2G114459	1	2088572	2102312
GRMZM2G458423	1	2159241	2166541
GRMZM2G109725	1	2205748	2210356
GRMZM2G410990	1	2223784	2219065
GRMZM2G158378	1	2304389	2306012
GRMZM2G459354	1	2398448	2402912
GRMZM2G329177	1	2433529	2426203
GRMZM2G028870	1	2464882	2467458
GRMZM2G052546	1	2535973	2542554
GRMZM2G035377	1	2658069	2655521
GRMZM2G085691	1	2690223	2683790
GRMZM2G388684	1	2690772	2692141
GRMZM2G085827	1	2734211	2725603
GRMZM2G085872	1	2734521	2739053
GRMZM2G085885	1	2748501	2739479
GRMZM2G086242	1	2740244	2744906
GRMZM2G086269	1	2753499	2751021
GRMZM2G042552	1	2783974	2781765
GRMZM2G042539	1	2784642	2785721
GRMZM2G042250	1	2798512	2791599
GRMZM2G041881	1	2798951	2801848
GRMZM5G802392	1	2840257	2839338
GRMZM2G006673	1	2869296	2856655
GRMZM2G007025	1	2874062	2871385
GRMZM2G015384	1	2874117	2894252
GRMZM2G436286	1	2920987	2919564
GRMZM2G137366	1	2935014	2930055
GRMZM2G137352	1	2951161	2949522
GRMZM2G137329	1	2993011	2993734
GRMZM2G137236	1	3020918	3002518
GRMZM2G436226	1	3026815	3022700
GRMZM2G314660	1	3070619	3075128
GRMZM2G092232	1	3129299	3123304
GRMZM2G393062	1	3130708	3129701
GRMZM2G092165	1	3131126	3132588
GRMZM2G124550	1	3177215	3171356
GRMZM2G144197	1	3188619	3190437
GRMZM2G144101	1	3192128	3193970
GRMZM2G077615	1	3264069	3262173
GRMZM2G077669	1	3269181	3265279
GRMZM2G077760	1	3271375	3272626
GRMZM2G077769	1	3274317	3273123
GRMZM2G077780	1	3274619	3279551
GRMZM2G126199	1	3349742	3347715
GRMZM2G126218	1	3353056	3356773
GRMZM2G426802	1	3357174	3361893
GRMZM2G440537	1	3402729	3397911
